rownum id   tyr   dose   nof   bc   l2d   age.rx   age.out   age.in   subcoh   incc(TRUE=1) 
 7  7 35 1.2492 108 0 1.16941195199135 12.1670088980151 62.2861054072553 13.0020533880903 1 1
 9  9 35 0 0 1 0 15.1978097193703 42.5352498288843 17.284052019165 0 1
 20  21 38 1.1509 117 0 1.1049404523027 16.6543463381246 24.0903490759754 17.8206707734428 1 1
 21  22 35 0.6171 39 1 0.693408896525396 14.9240246406571 25.429158110883 17.1772758384668 1 1
 27  29 35 0.5943 36 1 0.672923127313859 15.6386036960986 48.4736481861739 17.7248459958932 0 1
 28  31 35 0 0 1 0 10.9924709103354 36.5749486652977 12.4928131416838 0 1
 31  34 36 0 0 1 0 13.9383983572895 55.4387405886379 14.9377138945927 0 1
 33  36 43 0 0 0 0 16.2053388090349 58.2368240930869 18.9541409993155 1 1
 40  43 35 2.4267 147 1 1.77681989262819 11.7590691307324 36.1779603011636 13.5085557837098 0 1
 62  66 51 0.259 27 0 0.332278283056929 10.0971937029432 44.7939767282683 11.5126625598905 1 1
 73  79 47 0 0 0 0 13.8343600273785 34.6201232032854 16.9199178644764 1 1
 75  81 44 0 0 0 0 15.378507871321 39.9917864476386 17.5441478439425 1 1
 82  89 32 0.9935 101 1 0.995303605335244 12.952772073922 41.284052019165 16.2819986310746 0 1
 101  108 40 0 0 0 0 11.0965092402464 56.5311430527036 11.1813826146475 1 1
 106  113 50 0 0 0 0 16.1724845995893 51.4524298425736 17.1718001368925 1 1
 108  115 28 0 0 0 0 11.3018480492813 53.9876796714579 12.3860369609856 1 1
 111  118 39 0.974 59 0 0.981121989794311 14.7707049965777 34.1519507186858 16.2710472279261 1 1
 113  120 48 0.8765 103 0 0.908044290224889 11.5318275154004 16.8186173853525 16.2792607802875 1 1
 120  129 45 0.4785 40 1 0.564134243458237 15.2963723477071 50.0451745379877 19.0444900752909 0 1
 127  136 34 0 0 0 0 14.0752908966461 65.4455852156057 17.160848733744 1 1
 136  145 35 0 0 0 0 15.5537303216975 66.1492128678987 15.4715947980835 1 1
 137  146 33 0.0495 3 0 0.0697021666300674 15.0308008213552 33.3524982888433 16.1971252566735 1 1
 142  152 39 1.2985 132 1 1.20069266615472 15.6741957563313 49.5085557837098 16.0876112251882 0 1
 145  155 27 0 0 0 0 12.0355920602327 70.3162217659138 15.0362765229295 1 1
 147  157 34 3.7668 368 1 2.25302109571151 15.6851471594798 61.347022587269 16.0136892539357 0 1
 155  165 34 0.2476 15 0 0.319155457824703 9.30595482546201 19.1375770020534 10.2231348391513 1 1
 156  167 54 0.0767 8 0 0.106616328987784 12.1560574948665 43.6084873374401 13.3223819301848 1 1
 202  218 32 0.5308 37 1 0.614285806119046 14.1984941820671 56.8651608487337 16.6132785763176 0 1
 211  229 29 0.4328 44 0 0.518837242436512 12.6297056810404 68.9445585215606 15.6303901437372 1 1
 214  232 31 0 0 0 0 15.5455167693361 15.7973990417522 15.2936344969199 1 1
 240  259 36 0.9207 78 0 0.941632197654482 16.35318275154 65.5523613963039 17.2703627652293 1 1
 246  265 31 1.1045 96 1 1.07347750967897 15.6386036960986 54.3928815879535 16.8925393566051 0 1
 250  270 34 0 0 0 0 9.97125256673511 60.8925393566051 17.637234770705 1 1
 257  277 40 0 0 0 0 15.5537303216975 60.9171800136893 17.637234770705 1 1
 258  278 47 0.8811 76 0 0.911576545123367 11.9151266255989 50.5242984257358 16.2436687200548 1 1
 262  283 41 0.9548 74 1 0.967021009697225 15.9808350444901 40.6516084873374 20.2327173169062 0 1
 268  290 31 0 0 0 0 14.0424366872005 68.1560574948665 14.8774811772758 1 1
 271  293 38 1.7819 114 0 1.47607056075109 14.2559890485969 61.1170431211499 16.8377823408624 1 1
 274  296 39 3.2207 284 1 2.07748228869064 15.7289527720739 33.3963039014374 18.6475017111567 0 1
 282  304 50 0 0 0 0 14.5817932922656 50.3791923340178 17.7494866529774 1 1
 291  313 49 0.5563 58 0 0.63812018808403 14.6009582477755 41.9931553730322 16.8514715947981 1 1
 303  325 35 1.8134 164 1 1.49231468489253 15.917864476386 58.757015742642 16.0848733744011 0 1
 309  331 37 0.5578 35 0 0.639510023175194 15.5811088295688 63.7289527720739 17.4127310061602 1 1
 317  339 38 0 0 1 0 14.2149212867899 41.2156057494867 16.3011635865845 0 1
 326  348 34 0 0 0 0 14.9075975359343 24.5941136208077 16.3203285420945 1 1
 354  376 40 0.7295 45 1 0.790355013710841 14.9349760438056 45.7713894592745 19.1868583162218 0 1
 366  388 31 0 0 0 0 6.64202600958248 61.0075290896646 7.72895277207392 1 1
 376  398 45 1.2889 132 0 1.19465443421053 10.6420260095825 50.425735797399 15.1403148528405 1 1
 379  401 29 1.8258 111 0 1.49865936049888 4.91991786447639 51.4058863791923 5.24845995893224 1 1
 390  412 44 0 0 0 0 9.35797399041752 50.8172484599589 10.5242984257358 1 1
 399  422 39 2.0133 126 1 1.5913443128151 14.8501026694045 32.684462696783 17.9356605065024 0 1
 404  427 37 0 0 0 0 13.4154688569473 62.5817932922656 13.5824777549624 1 1
 405  428 38 0 0 0 0 13.409993155373 60.9418206707734 13.6618754277892 1 1
 415  440 34 0 0 0 0 13.8124572210815 65.0102669404517 14.7296372347707 1 1
 417  442 34 0 0 0 0 16.5475701574264 67.5756331279945 16.2956878850103 1 1
 429  455 39 0 0 1 0 14.0643394934976 46.4804928131417 16.6461327857632 0 1
 433  459 30 1.4974 100 1 1.32042691129399 4.53114305270363 40.4490075290897 5.44832306639288 0 1
 442  468 30 0 0 0 0 16.2026009582478 71.8001368925394 17.2867898699521 1 1
 444  470 37 0.066 4 0 0.0922074380970889 14.3299110198494 62.5270362765229 17.2484599589322 1 1
 452  478 30 0 0 0 0 16.1149897330595 16.829568788501 15.7809719370294 1 1
 461  487 37 0 0 1 0 6.0643394934976 50.8966461327858 5.98220396988364 0 1
 471  497 34 0 0 0 0 16.145106091718 60.5968514715948 16.2299794661191 1 1
 474  500 35 0 0 1 0 13.3278576317591 45.3278576317591 14.4147843942505 0 1
 476  502 39 2.7221 215 0 1.89611681616172 15.62765229295 20.2190280629706 16.8815879534565 1 1
 484  2009 30 1.3674 139 1 1.24330348691814 17.5140314852841 41.1854893908282 25.5140314852841 0 1
 493  2018 51 0 0 1 0 30.1300479123888 37.6317590691307 32.2984257357974 0 1
 515  2043 37 1.3575 138 1 1.23725777090037 21.138945927447 37.2210814510609 22.3052703627652 0 1
 521  2049 43 2.0559 209 0 1.61159733399389 27.6824093086927 69.6290212183436 28.3504449007529 1 1
 530  2058 32 0.6591 67 0 0.730400845399368 36.7583846680356 68.1971252566735 41.2566735112936 1 1
 555  2085 50 0.4812 81 0 0.566766454622181 28.4216290212183 64.0328542094456 29.7494866529774 1 1
 559  2089 38 0.7181 73 0 0.780814009296801 20.2217659137577 67.5071868583162 23.2224503764545 1 1
 562  2092 50 1.0635 179 1 1.04509343834495 25.6043805612594 53.1006160164271 27.0171115674196 0 1
 564  2095 38 0.2459 25 0 0.317188277596502 25.8042436687201 73.3388090349076 28.0574948665298 1 1
 568  2099 42 0 0 1 0 38.2888432580424 43.6221765913758 38.7871321013005 0 1
 569  2100 24 0 0 0 0 19.7234770704997 76.5201916495551 35.7234770704997 1 1
 597  2130 37 1.5641 159 1 1.35845252821671 29.8480492813142 56.766598220397 30.7652292950034 0 1
 600  2133 49 0 0 0 0 32.4791238877481 68.5941136208077 33.3114305270363 1 1
 601  2134 34 1.3182 134 1 1.21300503854505 25.2785763175907 61.3634496919918 27.1978097193703 0 1
 615  2149 46 0 0 0 0 22.072553045859 47.0444900752909 26.9897330595483 1 1
 625  2159 52 0.0796 16 0 0.110496881917402 39.7700205338809 50.3436002737851 40.3504449007529 1 1
 626  2160 42 1.4067 143 1 1.26705631817869 17.7659137577002 38.5133470225873 19.1786447638604 0 1
 632  2167 51 0 0 1 0 21.1854893908282 43.2717316906229 21.1033538672142 0 1
 642  2177 43 4.8235 585 0 2.54188649247228 22.6748802190281 64.8788501026694 23.5947980835045 1 1
 663  2201 42 0.0492 5 1 0.0692897127155347 35.1512662559891 69.6536618754278 36.1505817932923 0 1
 667  2205 47 0 0 0 0 31.3292265571526 69.3579739904175 31.0773442847365 1 1
 672  2210 45 1.5117 181 0 1.32866415755805 18.8418891170431 53.9575633127995 20.8405201916496 1 1
 675  2213 32 3.4626 352 1 2.15788449808015 16.9911019849418 55.9890485968515 18.9897330595483 0 1
 679  2217 51 0 0 0 0 26.8062970568104 61.4209445585216 27.1348391512663 1 1
 687  2225 46 0.6404 75 1 0.714047648777767 17.5304585900068 49.6974674880219 18.6967830253251 0 1
 690  2230 45 1.1062 118 0 1.07464243793449 20.4407939767283 61.1854893908282 21.7686516084873 1 1
 691  2231 49 0.1366 23 0 0.18472462050188 22.6885694729637 59.296372347707 24.0164271047228 1 1
 698  2238 46 0.903 152 1 0.928275561611935 26.880219028063 47.7946611909651 30.6283367556468 0 1
 730  2274 42 0.0197 2 1 0.0281447677133787 25.3853524982888 46.466803559206 26.1327857631759 0 1
 731  2275 44 0.0098 1 1 0.0140695825016559 28.1013004791239 62.3490759753593 28.8487337440109 0 1
 740  2285 35 1.1313 115 0 1.09173367995776 42.5571526351814 93.0349075975359 43.6440793976728 1 1
 745  2291 44 2.6134 333 0 1.85335696860212 26.9267624914442 68.2053388090349 27.9260780287474 1 1
 749  2295 37 0 0 0 0 30.1300479123888 59.8220396988364 30.3819301848049 1 1
 761  2308 40 1.1313 115 0 1.09173367995776 21.4866529774127 67.1813826146475 21.9028062970568 1 1
 769  2320 36 0.2459 25 0 0.317188277596502 27.7344284736482 31.1567419575633 28.9856262833676 1 1
 794  2345 45 0.0197 2 1 0.0281447677133787 26.4613278576318 51.9644079397673 26.3791923340178 0 1
 797  2348 44 1.3073 142 1 1.20620559846117 23.2087611225188 42.1245722108145 24.1259411362081 0 1
 799  2350 36 0.9444 96 1 0.959325039239132 18.2231348391513 47.7234770704997 20.2217659137577 1 1
 801  2352 46 3.1402 442 0 2.04970046145379 21.3853524982888 60.1642710472279 22.8856947296372 1 1
 804  2355 42 0 0 0 0 17.9986310746064 59.7453798767967 18.2505133470226 1 1
 807  2358 36 0 0 0 0 41.8973305954825 87.0636550308008 43.6440793976728 1 1
 844  2401 42 3.3151 337 1 2.1093939934326 20.9883641341547 50.7405886379192 23.2416153319644 0 1
 847  2404 41 2.0756 211 1 1.62086788446328 28.1916495550992 57.6947296372348 29.2758384668036 0 1
 849  2406 33 0.1672 17 0 0.223051788368442 38.8720054757016 63.7946611909651 40.9555099247091 1 1
 867  2425 51 0 0 0 0 18.3271731690623 52.8624229979466 19.5811088295688 1 1
 874  2432 32 0.0295 3 0 0.0419438299701673 19.9288158795346 63.8521560574949 21.845311430527 1 1
 878  2436 47 0 0 1 0 24.6187542778919 50.1245722108145 25.7056810403833 0 1
 891  2449 36 0.2951 30 0 0.373063498633161 25.1800136892539 74.0451745379877 31.7590691307324 1 1
 902  2462 40 0 0 0 0 31.192334017796 76.0547570157426 32.7720739219713 1 1
 906  2467 37 1.5025 129 0 1.32337006906127 16.3066392881588 65.4565366187543 18.4722792607803 1 1
 916  2477 26 0 0 0 0 35.4852840520192 89.9849418206708 53.9000684462697 1 1
 918  2480 44 1.153 118 1 1.10634831950515 17.0924024640657 42.4284736481862 19.7563312799452 0 1
 919  2481 52 0 0 0 0 25.8836413415469 59.3894592744695 26.9678302532512 1 1
 928  2491 40 2.3019 234 0 1.72329642803775 17.4346338124572 62.4613278576318 19.1813826146475 1 1
 942  2505 46 0 0 0 0 30.4339493497604 69.5468856947296 31.2662559890486 1 1
 946  2509 43 0.0197 2 0 0.0281447677133787 24.8459958932238 67.0444900752909 26.7652292950034 1 1
 954  2518 51 0 0 0 0 18.321697467488 52.6023271731691 19.3237508555784 1 1
 956  2520 32 1.3575 138 1 1.23725777090037 25.7796030116359 65.7796030116359 28.6954140999316 0 1
 969  2534 47 0 0 0 0 23.4442162902122 29.3634496919918 23.5290896646133 1 1
 973  2538 49 0.6535 110 1 0.725523045529028 33.3634496919918 39.2005475701574 34.5297741273101 0 1
 977  2542 41 0.059 6 0 0.0827025893302493 24.6981519507187 68.5639972621492 26.2778918548939 1 1
 979  2544 52 0.022 5 0 0.0313951962755343 26.3901437371663 60.0848733744011 27.8056125941136 1 1
 987  2552 42 2.5085 255 0 1.8108543624115 25.1115674195756 68.2245037645448 25.9438740588638 1 1
 991  2557 26 1.1411 116 0 1.098352178318 24.35318275154 69.4757015742642 31.6824093086927 1 1
 1004  2572 44 0.0098 1 0 0.0140695825016559 19.211498973306 60.0711841204654 20.7912388774812 1 1
 1005  2574 35 0.0197 2 0 0.0281447677133787 21.6536618754278 70.321697467488 24.3203285420945 1 1
 1008  2577 38 1.0034 102 1 1.00245049923482 25.0841889117043 50.9979466119097 26.4120465434634 0 1
 1013  2582 39 0.0098 1 0 0.0140695825016559 33.2950034223135 79.9890485968515 36.7091033538672 1 1
 1039  2608 30 0.8263 84 0 0.868923771325607 20.7748117727584 67.5947980835044 25.7741273100616 1 1
 1042  2611 29 0 0 0 0 11.9425051334702 68.4736481861738 24.1943874058864 1 1
 1044  2613 41 5.0587 599 1 2.59900827146229 37.9849418206708 46.3134839151266 39.3127994524298 0 1
 1053  2622 38 0.0492 5 0 0.0692897127155347 23.62765229295 71.3730321697468 24.8788501026694 1 1
 1057  2626 30 0.2263 23 0 0.294311960731117 26.9322381930185 82.0451745379877 30.7652292950034 1 1
 1068  2637 37 0.7673 78 1 0.821546958834331 26.2422997946612 62.7460643394935 29.3278576317591 0 1
 1081  2651 36 0.9345 95 0 0.951960728781129 36.0793976728268 41.3908281998631 38.4941820670773 1 1
 1083  2653 46 0 0 0 0 18.2642026009582 57.8781656399726 18.5927446954141 1 1
 1087  2657 49 0.7545 127 0 0.81105994774008 20.4626967830253 56.3230663928816 24.0438056125941 1 1
 1088  2658 45 1.618 193 0 1.38846509728315 23.1348391512663 63.668720054757 24.3860369609856 1 1
 1101  2673 51 0 0 1 0 20.1478439425051 47.8193018480493 21.4017796030116 0 1
 1114  2687 49 0 0 1 0 23.0034223134839 47.7563312799452 23.2553045859001 0 1
 1123  2698 36 0 0 1 0 35.6221765913758 42.3682409308693 36.2026009582478 1 1
 1127  2704 51 0.5288 89 0 0.612399683428007 38.2313483915127 40.1697467488022 39.64681724846 1 1
 1135  2714 42 1.0526 107 0 1.03745250993961 30.8336755646817 74.1163586584531 31.8329911019849 1 1
 1141  2721 36 1.5641 159 1 1.35845252821671 40.0739219712526 42.9048596851472 40.9062286105407 0 1
 1156  2737 24 0.6197 63 1 0.695726622620963 17.0513347022587 62.8856947296372 34.466803559206 0 1
 1160  2744 35 0 0 0 0 27.1266255989049 77.3305954825462 28.0465434633812 1 1
 1171  2756 36 0.0394 4 1 0.0557509641184532 24.2162902121834 63.8001368925394 27.2991101984942 0 1
 1176  2762 44 0.4623 47 0 0.548239319575263 36.1286789869952 77.574264202601 38.2943189596167 1 1
 1179  2766 39 1.6231 165 0 1.39127280827163 29.6810403832991 64.3559206023272 30.5160848733744 1 1
 1194  2783 46 1.1997 158 0 1.13730677919329 32.6981519507187 36.870636550308 33.5304585900068 1 1
 1200  2790 49 0 0 0 0 25.9466119096509 26.7378507871321 26.444900752909 1 1
 1213  2803 35 0 0 0 0 21.6153319644079 22.3956194387406 21.700205338809 1 1
 1217  2807 48 0 0 0 0 22.17659137577 59.3757700205339 22.0944558521561 1 1
 1222  2812 35 0 0 0 0 34.5982203969884 36.3832991101985 36.0136892539357 1 1
 1225  2816 39 0 0 0 0 45.0020533880903 67.8685831622177 45.0869267624914 1 1
 1228  2821 32 0 0 0 0 20.0383299110199 71.4332648870637 21.1225188227242 1 1
 1234  2827 48 0 0 0 0 26.3107460643395 63.4277891854894 28.1423682409309 1 1
 1240  2835 39 1.1706 119 0 1.11809388938682 21.9110198494182 68.0246406570842 21.7440109514031 1 1
 1260  2860 49 0.821 167 1 0.864730922314751 44.3285420944559 69.3278576317591 47.9096509240246 0 1
 1284  2886 49 0 0 0 0 17.7659137577002 54.299794661191 20.0164271047228 1 1
 1326  2933 24 0.0098 1 0 0.0140695825016559 21.8261464750171 80.8049281314168 31.2416153319644 1 1
 1329  2936 35 0.7181 73 0 0.780814009296801 27.8220396988364 78.1930184804928 28.9089664613279 1 1
 1335  2942 48 0 0 0 0 36.5420944558522 72.6899383983573 36.6269678302532 1 1
 1340  2948 33 0.0394 4 1 0.0557509641184532 33.0266940451745 69.6071184120465 34.7734428473648 0 1
 1343  2951 33 2.0233 205 0 1.59612414371518 13.4811772758385 65.678302532512 19.3976728268309 1 1
 1349  2957 47 0 0 1 0 15.8083504449008 49.6481861738535 16.0602327173169 0 1
 1354  2963 40 1.1509 117 1 1.1049404523027 25.347022587269 47.3456536618754 25.5140314852841 0 1
 1355  2964 50 0.5585 94 0 0.640158154963281 22.9349760438056 58.3572895277207 24.7693360711841 1 1
 1365  2976 36 1.4952 152 1 1.3191554578247 28.7912388774812 68.9582477754962 29.6235455167693 1 1
 1366  2977 38 0 0 0 0 32.4271047227926 79.62765229295 32.3449691991786 1 1
 1378  2992 30 0.6394 65 1 0.71316790300937 19.5345653661875 44.7008898015058 23.7015742642026 0 1
 1380  2996 37 1.21 123 0 1.14404636961671 55.5455167693361 63.854893908282 56.7118412046543 1 1
 1399  3018 36 1.6723 170 1 1.41808197795313 38.0013689253936 50.0013689253936 38.8336755646817 0 1
 1400  3019 40 1.4559 148 0 1.29625181785742 27.668720054757 73.0321697467488 28.7529089664613 1 1
 1424  3043 32 0.926 86 0 0.945607703181372 10.5434633812457 48.9089664613279 17.5414099931554 1 1
 1433  3053 41 1.3378 136 1 1.22515151184127 19.3976728268309 50.9869952087611 21.3141683778234 0 1
 1434  3054 41 0.2066 21 0 0.270947487477059 38.5133470225873 64.7200547570157 39.4305270362765 1 1
 1453  3079 35 4.4562 453 0 2.44789652810839 23.2881587953457 35.9452429842574 28.0383299110199 1 1
 1459  3085 40 0 0 1 0 42.7816563997262 77.864476386037 43.0335386721424 0 1
 1465  3092 41 2.7628 286 0 1.91180660944931 20.6269678302532 65.3223819301848 22.0396988364134 1 1
 1474  3103 52 0 0 0 0 25.9603011635866 59.7754962354552 27.2908966461328 1 1
 1477  3106 43 0 0 1 0 25.2621492128679 55.2635181382615 27.2635181382615 0 1
 1479  3110 33 0 0 0 0 25.0075290896646 77.574264202601 25.2594113620808 1 1
 1481  3112 38 0.0197 2 0 0.0281447677133787 20.5913757700205 64.8569472963724 22.7597535934292 1 1
 1486  3117 47 0.0197 2 0 0.0281447677133787 33.1225188227242 71.5728952772074 34.2915811088296 1 1
 1492  3123 48 0 0 0 0 26.1601642710472 63.605749486653 27.3264887063655 1 1
 1511  3143 38 0.7083 72 0 0.772561353475149 17.9794661190965 64.1122518822724 18.7268993839836 1 1
 1513  3145 27 0.4132 42 1 0.498965654341203 13.8809034907598 41.4674880219028 22.1327857631759 0 1
 1516  3149 32 0.4622 28 1 0.548140656895047 15.0116358658453 58.9295003422313 17.5085557837098 1 1
 1518  3151 36 1.5739 160 0 1.36395600371145 29.4592744695414 62.1820670773443 31.9561943874059 1 1
 1519  3152 45 0 0 0 0 35.6194387405886 75.7344284736482 36.4517453798768 1 1
 1523  3156 38 4.1119 418 0 2.35385961427489 19.4551676933607 64.703627652293 21.7084188911704 1 1
 1553  3187 36 1.692 172 0 1.42867840994823 28.2135523613963 57.2402464065708 34.4640657084189 1 1
 1562  3197 46 1.2244 151 1 1.15341624225525 21.5441478439425 48.5448323066393 21.8726899383984 0 1
 1573  3209 43 0.0098 1 0 0.0140695825016559 58.4859685147159 63.6960985626283 59.4880219028063 1 1
 1589  3227 47 0.0295 3 1 0.0419438299701673 23.0718685831622 55.4058863791923 24.8213552361396 0 1
 1597  3235 37 0.1476 15 0 0.198619873219215 17.2265571526352 65.3114305270363 17.3114305270363 1 1
 1604  3244 33 1.2001 122 0 1.13756909930691 20.7830253251198 59.3949349760438 22.4476386036961 1 1
 1615  3256 28 0.1672 17 0 0.223051788368442 19.0308008213552 59.5893223819302 23.0308008213552 1 1
 1618  3259 33 0.2164 22 0 0.282617721481348 19.3593429158111 25.9712525667351 19.3593429158111 1 1
 1625  3266 47 0.6991 98 1 0.764770764387076 20.8596851471595 47.0308008213552 21.7796030116359 1 1
 1626  3267 34 0 0 0 0 28.7529089664613 79.7015742642026 29.4182067077344 1 1
 1631  3272 49 0 0 1 0 35.1759069130732 65.1745379876797 38.8418891170431 0 1
 1642  3284 41 1.1215 135 0 1.08508467862865 16.8514715947981 61.4647501711157 17.1800136892539 1 1
 1647  3290 35 1.7903 182 0 1.48042024221384 20.104038329911 70.1081451060917 21.6865160848734 1 1
 1667  3316 33 0 0 1 0 24.6488706365503 58.8145106091718 25.3963039014374 0 1
 1671  3320 43 0.0394 4 0 0.0557509641184532 44.4517453798768 68.0657084188912 47.1184120465435 1 1
 1677  3327 31 1.5739 160 1 1.36395600371145 36.0602327173169 76.8104038329911 37.7275838466804 0 1
 1681  3331 36 0 0 0 0 26.2067077344285 56.4572210814511 27.4579055441478 1 1
 1697  3348 50 0 0 1 0 18.3874058863792 44.1341546885695 21.7166324435318 0 1
 1701  3352 30 0 0 1 0 25.264887063655 39.2662559890486 27.9315537303217 1 1
 1714  3366 47 0.7248 122 0 0.786429083203056 18.8418891170431 56.870636550308 24.5913757700205 1 1
 1717  3369 39 1.0526 107 0 1.03745250993961 17.3196440793977 63.3538672142368 18.0698151950719 1 1
 1720  3372 32 0.3743 63 0 0.458696968689715 19.5701574264203 73.0212183436003 20.7364818617385 1 1
